6.205974049999980480e-01
2.400855000004753492e-03
1.039328000004502428e-03
4.261974079999930609e-01
1.589730999995708771e-03
9.324280599999923425e-01
5.170765999991999706e-03
6.326704479999989417e-01
6.777397719999953551e-01
1.470456000006947761e-03
6.014572599999894464e-01
1.216105000000027303e-01
7.561217159999955584e-01
6.127272220000037350e-01
2.534775510000031318e-01
6.088070559999891884e-01
6.023860020000029181e-01
5.413194040000064433e-01
7.104756029999919065e-01
7.379766759999881742e-01
1.393949510000140890e-01
8.120791109999743185e-01
8.510178989999985788e-01
1.053578799999854709e-02
5.607249999854957423e-04
8.253714079999667774e-01
8.497558209999738210e-01
9.730526370000234238e-01
8.883500000251842721e-04
1.153121343000009347e+00
2.009931999964464922e-03
8.691905700000006618e-01
9.065206320000243068e-01
1.418988999944303941e-03
6.902555560000109836e-01
9.875505880000901016e-01
9.159962689999474605e-01
1.081734273000051871e+00
1.205184668000015336e+00
9.129025170000204525e-01
9.367946150000534544e-01
1.060399875000030079e+00
1.030079250999961005e+00
8.247041999993598438e-03
1.066321280000011029e+00
6.835887739999861878e-01
6.152083110000603483e-01
7.734004610000511093e-01
6.478019510000194714e-01
8.227610330000061367e-01
1.032101465000096141e+00
8.051902319999726387e-01
8.066323790000069494e-01
3.640508590000308686e-01
2.898899999763671076e-04
3.611729999875024077e-04
3.259792090000246390e-01
3.800132940000366943e-01
1.271267999982228503e-03
4.500211849999686820e-01
7.161139999425358837e-04
4.427888129999928424e-01
5.171489000076689990e-03
4.346664440000722607e-01
1.130945999989307893e-03
4.167114269999956377e-01
3.892707859999973152e-01
4.256971349999503218e-01
4.797270500000649918e-02
3.905403820000401538e-01
3.547390000449013314e-04
4.410268970000288391e-01
3.627788979999877483e-01
3.502890439999646333e-01
3.716950169999790887e-01
